native.10=[16,204,176,30]
native.11=[16,204,76,30]
native.12=[100,204,56,30]
native.13=[16,244,176,24]
native.14=[16,278,176,28]
native.153=[224,64,392,34]
native.155=[224,132,392,34]
native.158=[224,200,392,34]
native.15=[16,316,176,28]
native.160=[224,268,392,34]
native.169=[224,98,392,34]
native.16=[16,354,176,28]
native.172=[224,166,392,34]
native.175=[224,234,392,34]
native.17=[208,0,424,760]
native.18=[224,16,392,38]
native.19=[224,64,392,578]
native.1=[0,0,1200,760]
native.206=[224,302,392,34]
native.207=[224,336,392,34]
native.208=[224,370,392,34]
native.209=[224,404,392,34]
native.20=[632,0,568,760]
native.210=[224,438,392,34]
native.211=[224,472,392,34]
native.212=[224,506,392,34]
native.213=[224,540,392,34]
native.214=[224,574,392,34]
native.215=[224,608,392,34]
native.216=[224,642,392,34]
native.217=[224,676,392,34]
native.218=[224,710,392,34]
native.219=[224,744,392,34]
native.21=[648,16,520,22]
native.22=[648,48,520,38]
native.23=[648,96,520,22]
native.24=[648,128,520,26]
native.25=[648,128,76,26]
native.26=[732,128,76,26]
native.27=[648,164,520,22]
native.28=[648,196,476,42]
native.29=[648,248,520,22]
native.2=[0,0,208,760]
native.30=[648,280,520,48]
native.31=[648,338,520,34]
native.32=[648,338,104,34]
native.33=[762,338,72,34]
native.34=[648,382,520,26]
native.35=[648,418,520,1]
native.36=[648,429,520,28]
native.3=[16,16,176,20]
native.4=[16,46,176,30]
native.5=[16,86,176,38]
native.6=[16,134,176,20]
native.7=[16,164,176,30]
native.8=[16,164,52,30]
native.9=[76,164,68,30]
